2147483647C
89777341 5122
13313 1
53856 1
182661 1
1193 1
25984 1
99775 1
26027 1
15515 1
1968 1
4247 1
160961 1
173764 1
199609 1
95027 1
1079 1
149169 1
349176 1
99717 1
1079 1
145023 1
104980 1
94985 1
144954 1
141778 1
142302 1
1784 1
53848 1
43953 1
1649 1
2405 1
18070 1
1052291 1
1077 1
15579 1
7808 1
7809 1
1232 1
4089 1
18150 1
15227 1
18153 1
1337 1
56238 1
14528 1
11222 1
51105 1
18054 1
17565 1
1236 1
1076 1
51096 1
19691 1
19743 1
19637 1
19739 1
11709 1
1677 1
1173 1
32795 1
1079 1
1656 1
35220 1
