2147483647C
12579881 875
4600 1
4631 1
4650 1
4918 1
4395 1
4972 1
4951 1
4931 1
4453 1
4522 1
4459 1
4834 1
5499 1
4799 1
4862 1
4835 1
4858 1
4459 1
4498 1
4950 1
4845 1
4477 1
4493 1
4472 1
4474 1
4512 1
7376 1
6667 1
5220 1
4739 1
5231 1
4616 1
5648 1
4678 1
4666 1
5059 1
4979 1
4657 1
2905 1
2889 1
2892 1
2852 1
2908 1
2910 1
2904 1
2923 1
2897 1
2902 1
3733 1
2863 1
2899 1
2901 1
2895 1
2923 1
2941 1
2945 1
2924 1
3045 1
3104 1
3067 1
3069 1
3050 1
3097 1
3109 1
3045 1
3109 1
3069 1
3065 1
3105 1
3062 1
3104 1
3045 1
4507 1
4754 1
3174 1
3165 1
3104 1
3174 1
3106 1
3049 1
3152 1
3169 1
3162 1
3157 1
3174 1
3148 1
3097 1
3157 1
3101 1
3104 1
3156 1
3106 1
3156 1
3160 1
3122 1
3133 1
3174 1
3161 1
3160 1
3096 1
3174 1
3121 1
3158 1
3123 1
3119 1
3148 1
3152 1
3091 1
3128 1
3128 1
3151 1
3158 1
3156 1
3160 1
3160 1
3148 1
3158 1
3152 1
3130 1
3170 1
3156 1
3151 1
3152 1
3151 1
3133 1
3161 1
3160 1
3155 1
3160 1
3154 1
3128 1
3129 1
3158 1
3096 1
3153 1
3155 1
3160 1
3154 1
3153 1
3153 1
3152 1
3153 1
2917 1
2914 1
2914 1
2916 1
2915 1
3155 1
3152 1
3156 1
3165 1
3152 1
3311 1
3161 1
3157 1
3150 1
3154 1
3129 1
3158 1
3155 1
3161 1
3156 1
3161 1
3146 1
3149 1
3153 1
3173 1
3156 1
3158 1
3149 1
3160 1
3168 1
3160 1
3159 1
3157 1
3158 1
3158 1
3154 1
3156 1
3149 1
3156 1
3149 1
3153 1
3152 1
3157 1
3159 1
3151 1
3155 1
3151 1
3153 1
3166 1
3161 1
3153 1
3153 1
3155 1
3158 1
3158 1
3163 1
3156 1
3155 1
3152 1
3153 1
3149 1
3168 1
3161 1
3158 1
3154 1
3151 1
3154 1
3160 1
3153 1
3156 1
3146 1
3153 1
3152 1
3280 1
3166 1
3173 1
3153 1
3161 1
3151 1
3158 1
3158 1
3154 1
3150 1
3157 1
3156 1
3148 1
3141 1
3151 1
3154 1
3158 1
3153 1
3153 1
2951 1
3158 1
2950 1
2971 1
3155 1
3148 1
3156 1
2898 1
2971 1
3153 1
2960 1
2953 1
2964 1
2971 1
2955 1
2947 1
2921 1
2959 1
3161 1
2949 1
2951 1
2764 1
2950 1
2955 1
2936 1
2951 1
2940 1
2961 1
2953 1
2955 1
2958 1
2952 1
2961 1
2968 1
2926 1
2923 1
3128 1
3004 1
3166 1
3171 1
2943 1
4307 1
3010 1
3242 1
3068 1
3008 1
3056 1
